Grid 00
0 0 0 8 2 0 0 3 0 0 0 0 0 9 12 0
10 9 0 0 6 5 0 7 1 2 0 4 14 0 16 0
0 13 0 0 0 0 0 0 5 6 0 0 0 0 4 0
0 0 3 0 14 13 16 15 0 0 0 12 0 5 8 0
11 10 12 13 0 6 0 8 0 0 0 0 15 0 1 16
0 6 8 0 0 2 0 0 0 15 0 1 0 10 13 0
0 14 16 0 11 0 13 0 6 0 0 9 0 0 5 0
0 2 4 5 15 14 0 16 10 11 0 0 0 0 0 8
8 7 0 10 0 0 6 5 15 16 1 0 0 11 14 13
12 0 13 0 0 7 0 0 0 4 0 6 16 15 2 1
16 0 1 0 0 0 0 13 7 0 9 10 4 0 0 0
0 3 5 0 16 15 0 1 11 12 13 0 0 0 10 9
9 8 0 0 0 4 7 0 0 1 2 0 0 0 15 14
0 0 2 3 13 12 0 14 8 0 10 0 5 0 7 6
5 0 0 7 0 16 3 0 0 0 14 15 9 8 11 0
13 0 0 0 0 0 11 10 0 5 0 7 0 0 0 0

Grid 00
10 9 0 0 7 0 5 0 2 0 0 0 0 14 0 0
0 5 0 0 3 0 0 0 0 15 13 16 0 10 0 0
14 0 16 0 0 0 0 0 6 0 0 0 1 0 0 0
0 1 4 3 0 0 0 16 0 0 0 0 5 0 0 8
0 6 9 0 0 3 2 0 0 0 0 0 0 0 0 0
11 10 0 0 0 0 0 0 0 0 2 0 0 15 16 1
0 14 0 0 0 0 0 13 0 0 6 0 2 3 0 0
0 0 0 0 0 15 0 1 0 0 0 13 0 0 0 0
8 0 10 0 0 0 3 0 0 0 15 0 11 0 0 14
0 15 2 0 13 0 11 0 0 9 0 0 0 0 5 0
0 0 14 0 0 0 0 0 0 0 3 0 0 0 0 2
4 0 6 0 0 0 0 0 12 0 0 0 7 0 0 0
0 8 0 0 0 0 0 0 0 2 0 0 0 13 0 15
0 12 15 14 0 0 0 0 0 0 0 0 16 0 2 0
0 16 3 0 0 0 12 0 9 0 8 11 0 5 0 0
0 0 0 0 0 0 16 0 13 0 0 0 0 0 0 0

