Grid 00
0 0 13 14 15 0 17 18 0 20 0 25 23 21 22 3 4 1 5 2 7 6 8 9 0
6 0 8 9 10 11 0 13 14 15 19 20 18 16 17 23 24 21 25 22 2 1 0 0 5
0 2 3 0 5 6 7 8 9 0 14 15 13 11 0 0 0 16 0 17 22 21 23 24 25
21 22 23 0 25 0 2 3 0 0 9 10 8 6 7 0 0 0 15 12 0 16 18 19 20
16 17 18 19 20 21 22 23 24 25 4 5 3 1 2 8 9 6 10 7 12 11 13 14 15
7 8 9 10 11 12 0 14 15 0 20 21 0 17 18 0 0 22 1 0 0 2 4 5 6
12 0 14 15 16 17 18 19 20 21 25 0 24 22 23 4 5 2 6 0 8 7 9 10 0
0 3 0 5 0 7 8 9 10 11 15 0 14 0 0 19 20 0 0 18 23 22 24 25 0
22 23 24 25 1 0 3 0 5 0 10 11 0 7 8 14 15 12 16 13 18 0 19 0 21
17 0 0 20 21 22 23 24 0 1 0 0 4 0 3 0 10 7 11 8 13 0 0 15 16
8 0 10 11 0 13 14 15 16 17 21 0 20 18 19 0 1 0 2 24 0 3 5 6 7
18 0 20 21 22 0 0 0 1 0 6 7 0 3 4 10 11 8 12 9 14 0 15 16 0
23 24 0 1 2 3 0 5 6 7 11 12 10 0 9 15 0 0 17 0 19 0 20 0 22
3 4 5 0 7 0 9 10 11 12 16 0 15 13 14 0 21 18 22 0 0 0 25 1 0
13 14 15 16 0 0 19 20 21 22 0 2 25 0 24 5 6 3 7 0 9 8 10 11 12
4 5 0 7 8 9 10 11 12 13 17 18 16 14 0 0 0 0 0 20 25 24 0 2 3
9 10 11 12 0 14 15 16 17 18 22 23 21 19 0 0 2 0 3 25 5 4 6 7 8
0 0 21 22 23 0 0 0 0 0 7 8 6 0 5 0 12 9 13 0 15 14 0 0 18
0 25 1 2 3 4 5 6 7 8 12 13 0 0 0 16 17 14 18 15 20 0 21 22 23
14 15 16 17 18 19 20 0 22 23 2 3 1 24 0 0 7 4 8 0 10 0 11 12 0
5 6 0 8 9 10 11 12 13 14 18 19 17 15 16 0 23 20 24 21 1 25 2 0 4
15 0 17 0 19 20 0 22 0 24 3 4 2 25 1 7 0 0 9 6 11 10 12 0 14
10 0 12 0 0 0 16 17 18 19 23 24 22 20 21 2 3 25 4 1 6 5 0 8 9
0 21 22 23 0 25 0 2 0 4 8 9 7 5 6 12 13 0 14 11 16 15 17 0 19
25 1 2 3 4 5 6 7 8 9 13 0 12 0 11 17 0 0 19 16 0 0 22 23 24


Grid 00
14 13 16 0 15 8 0 11 0 12 4 0 5 7 0 23 24 25 1 2 18 21 0 19 22
9 8 11 12 0 3 0 6 5 7 24 23 0 2 1 18 19 20 21 0 13 16 15 14 0
0 3 6 7 0 23 0 1 0 2 19 18 20 22 21 13 14 15 16 17 8 11 0 0 0
0 18 0 0 0 13 14 16 15 0 9 8 10 12 11 3 4 5 6 0 23 1 0 0 2
24 0 0 2 25 0 0 21 20 22 14 13 15 0 16 8 9 0 0 12 3 6 0 0 7
11 10 13 14 12 5 6 0 7 9 1 25 2 4 0 20 21 22 23 24 0 18 17 0 19
16 0 18 19 17 10 11 13 12 0 0 0 7 9 8 25 1 2 3 4 20 23 22 21 24
1 0 0 4 2 20 21 0 22 24 16 0 17 19 0 10 11 12 13 14 5 8 7 6 0
21 20 23 24 0 15 16 18 17 0 0 0 12 14 13 5 6 7 8 9 25 3 0 1 4
6 5 8 9 7 25 1 3 2 4 21 20 0 0 0 15 16 17 18 0 10 13 12 11 0
7 0 0 10 0 1 2 0 0 0 0 0 23 25 24 16 17 18 0 0 11 0 13 0 15
0 11 14 15 13 6 7 9 8 10 0 1 3 5 4 0 0 23 0 25 0 19 18 17 20
22 21 24 25 23 0 17 19 18 20 12 11 0 15 14 6 7 0 9 10 1 4 3 0 5
0 0 19 20 0 11 12 0 13 15 7 6 0 0 9 1 2 3 4 5 21 24 23 0 25
0 0 4 5 3 0 22 24 23 25 0 16 18 20 19 0 12 13 14 15 6 0 8 7 10
20 19 22 0 0 14 15 17 16 18 10 9 11 0 12 4 5 6 7 0 24 0 1 25 3
15 14 0 18 16 9 10 12 11 13 5 4 6 8 7 24 25 1 0 3 19 0 21 20 23
25 24 2 3 1 19 20 22 0 23 15 14 16 18 17 0 10 11 12 13 4 0 6 5 0
0 9 12 13 0 4 5 7 6 8 25 24 1 3 0 0 20 21 22 0 14 17 0 0 18
0 4 7 8 6 24 0 2 0 3 0 19 21 23 22 14 0 16 0 18 9 12 11 10 13
8 7 10 11 0 0 3 0 4 6 23 0 24 1 25 0 0 0 20 21 12 15 14 0 16
13 12 15 16 14 7 8 10 0 11 3 2 4 6 5 22 23 24 0 1 0 0 19 18 21
3 2 5 0 4 0 0 25 24 1 18 17 0 0 0 12 13 0 15 16 0 10 9 8 11
23 22 25 0 0 17 18 0 0 0 13 12 14 16 0 7 8 9 0 11 2 5 0 3 6
0 0 20 0 0 12 13 0 0 0 8 7 9 11 10 0 3 4 5 0 22 25 24 23 1


Grid 00
0 9 8 0 10 17 0 18 0 19 0 22 0 24 25 0 0 3 4 5 11 12 13 0 0
0 0 0 12 15 0 21 0 0 24 3 2 1 0 5 6 0 0 9 0 16 17 18 19 20
16 19 18 17 20 2 1 3 5 0 0 7 6 9 10 0 12 0 0 15 21 22 23 0 0
1 0 3 2 5 12 0 13 0 0 0 0 16 0 0 21 0 23 24 25 6 0 8 9 10
21 0 23 0 25 7 6 8 10 9 0 12 0 14 15 16 17 0 19 20 1 2 0 0 0
7 10 9 8 0 18 0 0 0 20 24 23 22 0 1 2 3 4 0 6 12 13 14 15 16
0 0 0 13 16 23 22 0 1 25 0 3 0 5 6 0 0 9 10 0 0 18 0 20 21
0 20 0 0 0 3 0 4 6 5 9 0 7 10 0 0 0 14 15 16 0 23 0 25 0
0 0 0 0 1 8 7 9 0 0 14 13 12 0 16 17 0 0 0 0 2 0 0 5 0
2 5 0 3 0 0 0 14 16 15 0 0 0 20 0 22 0 24 0 0 7 8 0 10 11
0 0 0 10 13 20 19 21 23 0 1 25 24 0 0 0 0 0 7 8 14 15 16 0 0
0 17 0 15 18 25 24 1 0 2 6 5 4 7 8 9 10 0 0 13 0 20 0 0 0
0 0 0 20 23 0 4 0 8 0 11 10 0 0 13 14 15 16 17 18 0 25 0 0 3
0 2 1 0 0 10 0 11 13 0 16 15 14 17 18 19 0 21 0 0 4 0 6 7 8
4 7 6 0 8 15 0 0 18 17 21 20 19 22 23 24 25 1 0 0 9 10 11 12 13
0 0 0 0 17 24 0 25 2 1 0 0 0 0 0 0 0 0 11 0 18 19 20 21 0
8 11 10 9 0 19 0 20 22 21 0 0 0 0 0 0 4 5 0 0 13 0 15 0 17
3 6 5 4 0 0 13 15 17 0 20 19 18 0 0 0 0 25 1 2 8 9 10 0 0
18 0 20 19 22 4 3 0 7 6 0 9 8 0 12 0 14 15 0 17 23 0 0 0 2
0 1 0 0 2 9 0 10 0 0 0 14 13 16 17 0 19 0 21 22 0 4 0 6 7
0 0 12 0 14 0 20 22 24 0 0 1 25 0 0 5 6 0 8 9 15 0 17 0 0
0 18 0 16 0 0 25 2 4 0 7 6 5 8 9 10 0 12 13 14 0 21 0 0 0
0 0 22 21 0 0 5 7 9 8 12 11 10 13 0 15 16 0 18 19 0 0 0 0 0
25 0 2 1 4 0 10 0 14 13 17 16 15 0 19 20 21 22 0 24 0 6 7 0 9
0 8 7 6 9 0 15 17 19 0 0 21 20 23 0 0 1 2 3 4 10 0 12 0 0

