Grid 01
0 0 12 6 0 0 7 0 18 0 5 24 0 10 1 0 0 4 0 0 0 0 0 0 0 
2 0 19 0 13 0 0 0 10 0 0 0 0 0 0 0 0 18 5 0 0 0 0 0 1 
0 0 0 0 0 0 0 22 0 0 0 0 3 0 2 0 0 14 12 0 16 8 25 0 0 
0 16 0 0 0 2 23 0 0 13 12 22 0 0 0 21 15 19 3 0 0 0 0 14 0 
23 0 24 0 0 0 0 0 25 8 4 0 16 19 21 0 0 7 0 0 0 3 12 0 9 
0 4 0 2 0 0 0 0 0 0 0 10 0 24 12 17 16 0 0 0 5 0 0 0 0 
0 0 9 0 0 6 25 0 0 0 8 0 5 3 0 0 0 0 0 0 20 0 0 18 19 
15 0 10 11 0 0 0 18 12 19 0 0 0 0 0 0 0 23 0 0 7 0 0 4 0 
0 0 0 0 0 0 0 14 0 22 0 0 18 16 20 0 6 11 13 0 0 0 0 0 0 
0 22 0 25 0 0 1 17 5 4 7 0 0 14 0 8 3 21 0 0 11 0 0 0 6 
0 20 13 15 0 0 0 0 0 0 9 0 0 2 0 25 0 1 8 0 0 5 0 21 0 
0 1 0 0 0 0 16 10 0 7 0 0 4 20 0 0 9 0 0 14 0 24 0 17 0 
25 2 5 0 0 0 0 0 13 0 0 0 0 0 22 0 0 0 0 0 19 1 8 0 0 
0 0 7 21 0 0 12 0 2 17 0 0 0 18 6 16 0 0 15 0 0 13 0 10 0 
8 10 18 12 16 9 0 0 0 5 0 0 0 0 19 0 0 17 0 21 0 15 0 0 22 
0 8 0 0 15 0 3 0 6 0 21 0 0 7 0 18 14 5 0 1 0 0 0 0 0 
0 0 0 19 0 1 0 16 11 0 0 0 10 22 25 15 0 0 0 0 0 0 21 0 0 
0 3 1 0 21 0 0 4 0 0 0 0 2 0 13 0 24 25 0 0 14 0 0 6 0 
0 0 0 0 0 0 0 15 0 12 14 0 6 17 24 0 0 0 0 0 0 0 13 0 0 
0 5 23 16 4 0 13 24 7 2 0 9 0 0 15 3 0 22 0 0 0 0 0 0 8 
0 0 25 20 2 0 19 0 0 0 0 1 0 0 0 0 21 3 0 0 12 0 0 0 0 
16 12 0 5 0 11 21 0 23 0 0 15 0 0 0 0 19 9 0 0 0 0 0 25 10 
0 0 0 0 9 20 22 7 4 0 3 0 14 25 18 0 11 0 0 0 0 0 1 0 15 
24 0 6 0 22 8 0 25 14 0 10 11 0 9 0 20 1 16 0 7 0 23 0 0 13 
14 13 21 1 0 0 5 0 0 0 6 0 22 0 23 10 0 0 0 2 0 0 18 7 11
Grid 00
1 0 25 0 24 20 19 0 21 22 13 0 0 16 17 0 0 12 0 10 5 6 0 7 4
6 0 0 0 4 0 24 0 0 2 0 19 20 0 22 14 16 0 13 0 0 0 0 0 0
0 0 20 18 19 15 14 0 16 17 8 0 10 11 0 0 0 0 3 5 0 0 0 2 24
0 0 10 8 0 0 4 0 6 0 23 24 25 0 2 0 21 22 18 20 15 16 0 17 14
16 0 0 13 0 10 0 8 0 12 0 0 0 6 0 24 1 0 0 25 0 21 0 0 0
0 16 0 12 13 0 0 0 10 11 2 0 0 0 6 0 0 1 0 0 19 20 17 21 0
10 0 0 7 0 4 3 2 0 0 0 23 0 25 0 0 20 0 17 19 14 15 12 0 13
0 0 0 17 0 14 13 12 0 0 0 0 9 10 0 3 5 6 0 4 0 0 22 1 0
0 1 24 0 23 19 18 17 20 21 12 0 0 15 0 8 0 11 0 9 0 5 2 0 0
0 0 4 2 3 24 0 22 0 1 0 18 0 0 0 0 15 0 0 0 9 0 7 11 8
14 0 13 0 0 0 7 6 0 10 0 0 3 0 0 0 24 25 0 0 0 19 0 0 0
9 10 8 6 7 0 0 0 4 0 21 22 23 0 0 17 19 0 0 0 0 14 0 0 12
0 0 23 21 22 18 0 16 19 20 0 12 13 0 15 7 9 10 0 0 3 0 1 0 2
19 0 0 0 0 0 12 0 0 0 0 0 0 9 10 0 4 0 0 3 0 0 0 25 0
0 0 0 1 2 23 22 0 0 25 0 0 18 0 20 12 14 15 11 13 0 0 0 10 7
0 0 11 0 10 6 5 4 7 0 0 25 1 0 3 20 22 23 0 0 16 17 14 0 15
22 0 21 19 0 16 0 14 17 0 9 0 11 12 0 0 7 0 4 0 0 2 0 0 0
0 0 0 0 0 11 10 9 12 13 4 5 6 0 0 0 0 0 0 1 0 22 0 23 20
2 3 1 24 0 21 20 19 0 23 14 0 0 17 18 0 0 0 9 11 6 0 0 0 0
0 0 6 4 5 0 25 0 2 3 0 20 0 0 0 0 17 0 0 16 11 12 9 0 0
13 14 0 10 0 0 0 0 8 9 0 0 0 3 4 21 0 0 20 22 0 18 0 0 16
0 19 0 0 16 12 0 0 0 14 0 0 0 0 0 0 3 0 0 0 0 0 20 0 0
0 0 22 20 0 0 0 0 0 19 10 0 0 13 14 6 8 0 5 7 2 3 25 4 1
0 4 2 0 1 22 0 0 23 0 15 0 0 0 0 0 13 0 10 12 0 8 5 9 6
0 9 7 0 0 2 0 25 3 0 20 0 22 23 0 0 0 19 15 0 0 0 0 0 11

